Task: complexity_prediction_fold5
Initial weights:
Intricate: 1
Initial Spearman rho = 0.3597047965245974

Best overall Spearman rho = 0.46869346267266365
Best overall weights:
Irregularity: 0.0
Disorganized: 0.07127086138840687
Asymmetry: 0.0
Chaotic: 0.25089028188079265
Randomness: 0.0
Variability: 0.0732987840755058
Multicolored: 0.25089028188079265
Heterogeneity: 0.0
Grainy: 0.0
Isotropy: 0.10275950889370938
Cluttered: 0.0
Ambiguity: 0.0
Intricate: 0.25089028188079265
