Task: complexity_prediction_fold2
Initial weights:
Chaotic: 1
Initial Spearman rho = 0.21761856479397682

Best overall Spearman rho = 0.2513038029490857
Best overall weights:
Irregularity: 0.0
Disorganized: 0.0
Asymmetry: 0.0
Chaotic: 0.6438877434435136
Randomness: 0.0
Variability: 0.0
Multicolored: 0.0
Heterogeneity: 0.0
Grainy: 0.0
Isotropy: 0.0
Cluttered: 0.15313653068709754
Ambiguity: 0.0
Intricate: 0.2029757258693887
