Task: complexity_prediction_fold4
Initial weights:
Intricate: 1
Initial Spearman rho = 0.3428046545837077

Best overall Spearman rho = 0.4054422056774891
Best overall weights:
Irregularity: 0.0
Disorganized: 0.0
Asymmetry: 0.1526223314347725
Chaotic: 0.1914302536623985
Randomness: 0.0
Variability: 0.0
Multicolored: 0.3279737074514145
Heterogeneity: 0.0
Grainy: 0.0
Isotropy: 0.0
Cluttered: 0.0
Ambiguity: 0.0
Intricate: 0.3279737074514145
