Task: complexity_prediction
Initial weights:
Chaotic: 1
Initial Spearman rho = 0.2640868449312683

Best overall Spearman rho = 0.3024564181419734
Best overall weights:
Irregularity: 0.0
Disorganized: 0.08563675583904402
Asymmetry: 0.0
Chaotic: 0.3337595957320987
Randomness: 0.0
Variability: 0.0
Multicolored: 0.0
Heterogeneity: 0.0
Grainy: 0.0
Isotropy: 0.0
Cluttered: 0.3337595957320987
Ambiguity: 0.0
Intricate: 0.24684405269675855
