Task: complexity_prediction
Initial weights:
Chaotic: 1
Initial Spearman rho = 0.1775586719696721

Best overall Spearman rho = 0.21633202489222556
Best overall weights:
Irregularity: 0.0
Disorganized: 0.0
Asymmetry: 0.0
Chaotic: 0.5308825300869306
Randomness: 0.0
Variability: 0.0
Multicolored: 0.0
Heterogeneity: 0.0
Grainy: 0.0
Isotropy: 0.0
Cluttered: 0.2379723192099364
Ambiguity: 0.0
Intricate: 0.231145150703133
