Task: complexity_prediction_fold2
Initial weights:
Cluttered: 1
Initial Spearman rho = 0.6252051754501438

Best overall Spearman rho = 0.7901289783421863
Best overall weights:
Irregularity: 0.0
Disorganized: 0.0
Asymmetry: 0.06705905397509257
Chaotic: 0.1679462866238702
Randomness: 0.0936007638121673
Variability: 0.0
Multicolored: 0.1679462866238702
Heterogeneity: 0.0
Grainy: 0.0831884822288043
Isotropy: 0.08436655348845493
Cluttered: 0.1679462866238702
Ambiguity: 0.0
Intricate: 0.1679462866238702
