Task: complexity_prediction_fold4
Initial weights:
Chaotic: 1
Initial Spearman rho = 0.4415687219849525

Best overall Spearman rho = 0.5812514494485005
Best overall weights:
Irregularity: 0.0
Disorganized: 0.0
Asymmetry: 0.0
Chaotic: 0.35780757258625606
Randomness: 0.0
Variability: 0.0
Multicolored: 0.16634864428633223
Heterogeneity: 0.0
Grainy: 0.0
Isotropy: 0.0
Cluttered: 0.11803621054115564
Ambiguity: 0.0
Intricate: 0.35780757258625606
