Task: complexity_prediction_fold5
Initial weights:
Chaotic: 1
Initial Spearman rho = 0.18014938823822435

Best overall Spearman rho = 0.21466665392870418
Best overall weights:
Irregularity: 0.0
Disorganized: 0.0
Asymmetry: 0.0
Chaotic: 0.7319621053101756
Randomness: 0.0
Variability: 0.0
Multicolored: 0.0
Heterogeneity: 0.0
Grainy: 0.0
Isotropy: 0.0
Cluttered: 0.26803789468982436
Ambiguity: 0.0
Intricate: 0.0
