Task: complexity_prediction
Initial weights:
Cluttered: 1
Initial Spearman rho = 0.6276663572157095

Best overall Spearman rho = 0.7869146834029039
Best overall weights:
Irregularity: 0.0
Disorganized: 0.0
Asymmetry: 0.0
Chaotic: 0.08129459712612981
Randomness: 0.18374108057477403
Variability: 0.0
Multicolored: 0.18374108057477403
Heterogeneity: 0.0
Grainy: 0.18374108057477403
Isotropy: 0.0
Cluttered: 0.18374108057477403
Ambiguity: 0.0
Intricate: 0.18374108057477403
