Task: complexity_prediction_fold3
Initial weights:
Intricate: 1
Initial Spearman rho = 0.3541448946969199

Best overall Spearman rho = 0.3989553162246457
Best overall weights:
Irregularity: 0.0
Disorganized: 0.04986982352351041
Asymmetry: 0.11948691943609875
Chaotic: 0.23838973509155925
Randomness: 0.0
Variability: 0.01695411030848091
Multicolored: 0.23838973509155925
Heterogeneity: 0.0
Grainy: 0.0
Isotropy: 0.09851994145723218
Cluttered: 0.0
Ambiguity: 0.0
Intricate: 0.23838973509155925
