Task: complexity_prediction_fold4
Initial weights:
Chaotic: 1
Initial Spearman rho = 0.5024074546206888

Best overall Spearman rho = 0.6303254927543688
Best overall weights:
Irregularity: 0.0
Disorganized: 0.14444734696874842
Asymmetry: 0.14794606265794352
Chaotic: 0.2358688634577693
Randomness: 0.0
Variability: 0.0
Multicolored: 0.2358688634577693
Heterogeneity: 0.0
Grainy: 0.0
Isotropy: 0.0
Cluttered: 0.0
Ambiguity: 0.0
Intricate: 0.2358688634577693
