Task: complexity_prediction_fold1
Initial weights:
Chaotic: 1
Initial Spearman rho = 0.5299029214930528

Best overall Spearman rho = 0.609467811658075
Best overall weights:
Irregularity: 0.0
Disorganized: 0.1543193313166501
Asymmetry: 0.09237889782508679
Chaotic: 0.2786761480684214
Randomness: 0.0
Variability: 0.0
Multicolored: 0.1959494747214202
Heterogeneity: 0.0
Grainy: 0.0
Isotropy: 0.0
Cluttered: 0.0
Ambiguity: 0.0
Intricate: 0.2786761480684214
