Task: complexity_prediction_fold3
Initial weights:
Chaotic: 1
Initial Spearman rho = 0.5214510899068636

Best overall Spearman rho = 0.629450271292451
Best overall weights:
Irregularity: 0.0
Disorganized: 0.13058404496413936
Asymmetry: 0.10562401848577296
Chaotic: 0.25459731218336257
Randomness: 0.0
Variability: 0.0
Multicolored: 0.25459731218336257
Heterogeneity: 0.0
Grainy: 0.0
Isotropy: 0.0
Cluttered: 0.0
Ambiguity: 0.0
Intricate: 0.25459731218336257
