Task: complexity_prediction
Initial weights:
Intricate: 1
Initial Spearman rho = 0.3276683648567824

Best overall Spearman rho = 0.6061542875228807
Best overall weights:
Irregularity: 0.0
Disorganized: 0.20547059215105806
Asymmetry: 0.13158219134578297
Chaotic: 0.10961271535535147
Randomness: 0.0
Variability: 0.20547059215105806
Multicolored: 0.0
Heterogeneity: 0.0
Grainy: 0.09023318156939816
Isotropy: 0.0
Cluttered: 0.052160135276293186
Ambiguity: 0.0
Intricate: 0.20547059215105806
