Task: complexity_prediction_fold5
Initial weights:
Chaotic: 1
Initial Spearman rho = 0.4097098762812132

Best overall Spearman rho = 0.5243025211613654
Best overall weights:
Irregularity: 0.0
Disorganized: 0.0
Asymmetry: 0.0
Chaotic: 0.25778582026261665
Randomness: 0.0
Variability: 0.1914162855750546
Multicolored: 0.17425208853451485
Heterogeneity: 0.0
Grainy: 0.0
Isotropy: 0.0
Cluttered: 0.1187599853651973
Ambiguity: 0.0
Intricate: 0.25778582026261665
