Task: complexity_prediction
Initial weights:
Chaotic: 1
Initial Spearman rho = 0.4115680829221306

Best overall Spearman rho = 0.5408409996356804
Best overall weights:
Irregularity: 0.0
Disorganized: 0.0
Asymmetry: 0.0
Chaotic: 0.2605754796050741
Randomness: 0.0
Variability: 0.09437970871326662
Multicolored: 0.2605754796050741
Heterogeneity: 0.0
Grainy: 0.0
Isotropy: 0.0
Cluttered: 0.12389385247151094
Ambiguity: 0.0
Intricate: 0.2605754796050741
