Task: complexity_prediction
Initial weights:
Intricate: 1
Initial Spearman rho = 0.3485830411778724

Best overall Spearman rho = 0.4228799985875464
Best overall weights:
Irregularity: 0.0
Disorganized: 0.0
Asymmetry: 0.1091730903679842
Chaotic: 0.24064673360176334
Randomness: 0.0
Variability: 0.02017310613899182
Multicolored: 0.24064673360176334
Heterogeneity: 0.0
Grainy: 0.0225148497251505
Isotropy: 0.12619875296258357
Cluttered: 0.0
Ambiguity: 0.0
Intricate: 0.24064673360176334
