Task: complexity_prediction_fold1
Initial weights:
Chaotic: 1
Initial Spearman rho = 0.25699579578689086

Best overall Spearman rho = 0.2740922178356462
Best overall weights:
Irregularity: 0.10472364451337074
Disorganized: 0.0
Asymmetry: 0.0
Chaotic: 0.6960487351224157
Randomness: 0.0
Variability: 0.0
Multicolored: 0.0
Heterogeneity: 0.0
Grainy: 0.0
Isotropy: 0.0
Cluttered: 0.1992276203642135
Ambiguity: 0.0
Intricate: 0.0
