Task: complexity_prediction_fold3
Initial weights:
Chaotic: 1
Initial Spearman rho = 0.5049149313074176

Best overall Spearman rho = 0.6823678524869018
Best overall weights:
Irregularity: 0.0
Disorganized: 0.18356566344238218
Asymmetry: 0.18356566344238218
Chaotic: 0.18356566344238218
Randomness: 0.0
Variability: 0.0
Multicolored: 0.13893866724542595
Heterogeneity: 0.0
Grainy: 0.0
Isotropy: 0.12679867898504532
Cluttered: 0.0
Ambiguity: 0.0
Intricate: 0.18356566344238218
