Task: complexity_prediction_fold3
Initial weights:
Cluttered: 1
Initial Spearman rho = 0.49293991199789766

Best overall Spearman rho = 0.6915607330294069
Best overall weights:
Irregularity: 0.2714584716925027
Disorganized: 0.0
Asymmetry: 0.0
Chaotic: 0.0
Randomness: 0.0
Variability: 0.0
Multicolored: 0.15543266539631473
Heterogeneity: 0.0
Grainy: 0.17604529401990462
Isotropy: 0.0
Cluttered: 0.2714584716925027
Ambiguity: 0.0
Intricate: 0.1256050971987753
