Task: complexity_prediction_fold3
Initial weights:
Cluttered: 1
Initial Spearman rho = 0.5826929654428239

Best overall Spearman rho = 0.8046611894830303
Best overall weights:
Irregularity: 0.0
Disorganized: 0.0
Asymmetry: 0.0
Chaotic: 0.13175909539798514
Randomness: 0.1673719471880188
Variability: 0.0
Multicolored: 0.26560554080927695
Heterogeneity: 0.0
Grainy: 0.0
Isotropy: 0.0
Cluttered: 0.26560554080927695
Ambiguity: 0.0
Intricate: 0.16965787579544223
