Task: complexity_prediction_fold2
Initial weights:
Chaotic: 1
Initial Spearman rho = 0.5256352811061127

Best overall Spearman rho = 0.6006530173286789
Best overall weights:
Irregularity: 0.0
Disorganized: 0.11480338260448525
Asymmetry: 0.18210715017093654
Chaotic: 0.2598701883451685
Randomness: 0.0
Variability: 0.0
Multicolored: 0.18334909053424125
Heterogeneity: 0.0
Grainy: 0.0
Isotropy: 0.0
Cluttered: 0.0
Ambiguity: 0.0
Intricate: 0.2598701883451685
