Task: complexity_prediction_fold2
Initial weights:
Multicolored: 1
Initial Spearman rho = 0.6090346614470037

Best overall Spearman rho = 0.7049265223047058
Best overall weights:
Irregularity: 0.0
Disorganized: 0.17723779958586616
Asymmetry: 0.17723779958586616
Chaotic: 0.17723779958586616
Randomness: 0.0
Variability: 0.0
Multicolored: 0.1646878933057339
Heterogeneity: 0.0
Grainy: 0.0
Isotropy: 0.12636090835080147
Cluttered: 0.0
Ambiguity: 0.0
Intricate: 0.17723779958586616
