Task: complexity_prediction
Initial weights:
Chaotic: 1
Initial Spearman rho = 0.5157599304769146

Best overall Spearman rho = 0.6099761228268755
Best overall weights:
Irregularity: 0.0
Disorganized: 0.13811436989407233
Asymmetry: 0.15449412481775812
Chaotic: 0.23579716842938983
Randomness: 0.0
Variability: 0.0
Multicolored: 0.23579716842938983
Heterogeneity: 0.0
Grainy: 0.0
Isotropy: 0.0
Cluttered: 0.0
Ambiguity: 0.0
Intricate: 0.23579716842938983
