Task: complexity_prediction_fold4
Initial weights:
Chaotic: 1
Initial Spearman rho = 0.2757858336835951

Best overall Spearman rho = 0.3329978080323376
Best overall weights:
Irregularity: 0.0
Disorganized: 0.08852946392125517
Asymmetry: 0.0
Chaotic: 0.35707470033744404
Randomness: 0.0
Variability: 0.0
Multicolored: 0.0
Heterogeneity: 0.0
Grainy: 0.0
Isotropy: 0.0
Cluttered: 0.35707470033744404
Ambiguity: 0.0
Intricate: 0.1973211354038568
