Task: complexity_prediction_fold1
Initial weights:
Multicolored: 1
Initial Spearman rho = 0.5732190094079644

Best overall Spearman rho = 0.701408661277694
Best overall weights:
Irregularity: 0.0
Disorganized: 0.17022066865034063
Asymmetry: 0.17022066865034063
Chaotic: 0.17022066865034063
Randomness: 0.0
Variability: 0.0
Multicolored: 0.17022066865034063
Heterogeneity: 0.0
Grainy: 0.0
Isotropy: 0.14889665674829689
Cluttered: 0.0
Ambiguity: 0.0
Intricate: 0.17022066865034063
