Task: complexity_prediction
Initial weights:
Intricate: 1
Initial Spearman rho = 0.3276683648567824

Best overall Spearman rho = 0.6083430349502149
Best overall weights:
Irregularity: 0.09338877227232106
Disorganized: 0.18340091602343514
Asymmetry: 0.18340091602343514
Chaotic: 0.09807873971856486
Randomness: 0.0
Variability: 0.18340091602343514
Multicolored: 0.0
Heterogeneity: 0.0
Grainy: 0.0749288239153734
Isotropy: 0.0
Cluttered: 0.0
Ambiguity: 0.0
Intricate: 0.18340091602343514
