Task: complexity_prediction_fold1
Initial weights:
Chaotic: 1
Initial Spearman rho = 0.4245281720857848

Best overall Spearman rho = 0.5316720012429931
Best overall weights:
Irregularity: 0.0
Disorganized: 0.0
Asymmetry: 0.0
Chaotic: 0.3696446770639639
Randomness: 0.0
Variability: 0.0
Multicolored: 0.10771070809475701
Heterogeneity: 0.0
Grainy: 0.0
Isotropy: 0.0
Cluttered: 0.15299993777731521
Ambiguity: 0.0
Intricate: 0.3696446770639639
