Task: complexity_prediction
Initial weights:
Chaotic: 1
Initial Spearman rho = 0.5157599304769146

Best overall Spearman rho = 0.6097493400099429
Best overall weights:
Irregularity: 0.0
Disorganized: 0.11926664755283667
Asymmetry: 0.14123378099897604
Chaotic: 0.24961586870917937
Randomness: 0.0
Variability: 0.0
Multicolored: 0.24026783402982854
Heterogeneity: 0.0
Grainy: 0.0
Isotropy: 0.0
Cluttered: 0.0
Ambiguity: 0.0
Intricate: 0.24961586870917937
