Task: complexity_prediction_fold4
Initial weights:
Intricate: 1
Initial Spearman rho = 0.3428046545837077

Best overall Spearman rho = 0.4005570950235167
Best overall weights:
Irregularity: 0.0
Disorganized: 0.0
Asymmetry: 0.1308701223782869
Chaotic: 0.18259405657424188
Randomness: 0.0
Variability: 0.0
Multicolored: 0.29916995747526703
Heterogeneity: 0.0
Grainy: 0.0
Isotropy: 0.0
Cluttered: 0.0
Ambiguity: 0.0
Intricate: 0.3873658635722042
