Task: complexity_prediction_fold3
Initial weights:
Intricate: 1
Initial Spearman rho = 0.3541448946969199

Best overall Spearman rho = 0.4003868233309658
Best overall weights:
Irregularity: 0.0
Disorganized: 0.0
Asymmetry: 0.1551162214880862
Chaotic: 0.2358163423212424
Randomness: 0.0
Variability: 0.05043275563542382
Multicolored: 0.18007637083742983
Heterogeneity: 0.0
Grainy: 0.07937596942865226
Isotropy: 0.06336599796792294
Cluttered: 0.0
Ambiguity: 0.0
Intricate: 0.2358163423212424
