Task: complexity_prediction_fold3
Initial weights:
Chaotic: 1
Initial Spearman rho = 0.5214510899068636

Best overall Spearman rho = 0.6292925514425004
Best overall weights:
Irregularity: 0.0
Disorganized: 0.13948275668903648
Asymmetry: 0.10153610470266415
Chaotic: 0.2529937128694331
Randomness: 0.0
Variability: 0.0
Multicolored: 0.2529937128694331
Heterogeneity: 0.0
Grainy: 0.0
Isotropy: 0.0
Cluttered: 0.0
Ambiguity: 0.0
Intricate: 0.2529937128694331
