Task: complexity_prediction_fold5
Initial weights:
Cluttered: 1
Initial Spearman rho = 0.6472285005786008

Best overall Spearman rho = 0.812148315773311
Best overall weights:
Irregularity: 0.0
Disorganized: 0.0
Asymmetry: 0.0
Chaotic: 0.07052975169871442
Randomness: 0.10542553244453529
Variability: 0.0
Multicolored: 0.2717306140104429
Heterogeneity: 0.0
Grainy: 0.0
Isotropy: 0.0
Cluttered: 0.2761570509231537
Ambiguity: 0.0
Intricate: 0.2761570509231537
