Task: complexity_prediction_fold5
Initial weights:
Chaotic: 1
Initial Spearman rho = 0.5008578408979093

Best overall Spearman rho = 0.5891855129406622
Best overall weights:
Irregularity: 0.0
Disorganized: 0.0
Asymmetry: 0.20913237848251534
Chaotic: 0.26362254050582823
Randomness: 0.0
Variability: 0.0
Multicolored: 0.26362254050582823
Heterogeneity: 0.0
Grainy: 0.0
Isotropy: 0.0
Cluttered: 0.0
Ambiguity: 0.0
Intricate: 0.26362254050582823
