Task: complexity_prediction_fold2
Initial weights:
Intricate: 1
Initial Spearman rho = 0.34084944093949604

Best overall Spearman rho = 0.430761348883705
Best overall weights:
Irregularity: 0.0
Disorganized: 0.0
Asymmetry: 0.18116708560899158
Chaotic: 0.18386488004331533
Randomness: 0.0
Variability: 0.0
Multicolored: 0.2944769602899235
Heterogeneity: 0.0
Grainy: 0.0
Isotropy: 0.046014113767846025
Cluttered: 0.0
Ambiguity: 0.0
Intricate: 0.2944769602899235
